0b000201 0b000101 10000 100 5000000 2000000000 6208373 423360
0b000901 0b000101 10000 100 5000000 2000000000 6380736 423360
0b001301 0b000101 10000 100 5000000 2000000000 6383597 423360
0b000c01 0b000101 10000 100 5000000 2000000000 7331917 423360
0b000b01 0b000101 10000 100 5000000 2000000000 7708076 423360
0b000d01 0b000101 10000 100 5000000 2000000000 8092045 423360
0b000a01 0b000101 10000 100 5000000 2000000000 8179210 423360
0b000501 0b000101 10000 100 5000000 2000000000 8309172 423360
0b000701 0b000101 10000 100 5000000 2000000000 8486891 423360
0b000401 0b000101 10000 100 5000000 2000000000 8499990 423360
0b000801 0b000101 10000 100 5000000 2000000000 8512181 423360
0b000301 0b000101 10000 100 5000000 2000000000 8576898 423360
0b001201 0b000101 10000 100 5000000 2000000000 8605111 423360
0b000f01 0b000101 10000 100 5000000 2000000000 8644727 423360
0b000e01 0b000101 10000 100 5000000 2000000000 8681256 423360
0b001401 0b000101 10000 100 5000000 2000000000 8736171 423360
0b001101 0b000101 10000 100 5000000 2000000000 8752369 423360
0b000601 0b000101 10000 100 5000000 2000000000 8769591 423360
0b001001 0b000101 10000 100 5000000 2000000000 8770113 423360
