0b001401 0b000101 10000 100 5000000 2000000000 15898881 423360
0b000f01 0b000101 10000 100 5000000 2000000000 16285137 423360
0b001d01 0b000101 10000 100 5000000 2000000000 16382432 423360
0b001701 0b000101 10000 100 5000000 2000000000 16437417 423360
0b001801 0b000101 10000 100 5000000 2000000000 16502765 423360
0b000b01 0b000101 10000 100 5000000 2000000000 16616219 423360
0b000201 0b000101 10000 100 5000000 2000000000 16686235 423360
0b001901 0b000101 10000 100 5000000 2000000000 16870204 423360
0b000401 0b000101 10000 100 5000000 2000000000 16971289 423360
0b001501 0b000101 10000 100 5000000 2000000000 17043879 423360
0b001f01 0b000101 10000 100 5000000 2000000000 17064992 423360
0b002001 0b000101 10000 100 5000000 2000000000 17089827 423360
0b002301 0b000101 10000 100 5000000 2000000000 17137384 423360
0b001301 0b000101 10000 100 5000000 2000000000 17241410 423360
0b000e01 0b000101 10000 100 5000000 2000000000 17246452 423360
0b002501 0b000101 10000 100 5000000 2000000000 17258760 423360
0b002101 0b000101 10000 100 5000000 2000000000 17269953 423360
0b001601 0b000101 10000 100 5000000 2000000000 17273125 423360
0b001b01 0b000101 10000 100 5000000 2000000000 17287505 423360
0b000701 0b000101 10000 100 5000000 2000000000 17293464 423360
0b000a01 0b000101 10000 100 5000000 2000000000 17320121 423360
0b002401 0b000101 10000 100 5000000 2000000000 17392625 423360
0b002701 0b000101 10000 100 5000000 2000000000 17393408 423360
0b001e01 0b000101 10000 100 5000000 2000000000 17403700 423360
0b001201 0b000101 10000 100 5000000 2000000000 17407233 423360
0b002601 0b000101 10000 100 5000000 2000000000 17430114 423360
0b000501 0b000101 10000 100 5000000 2000000000 17435817 423360
0b001c01 0b000101 10000 100 5000000 2000000000 17438018 423360
0b001a01 0b000101 10000 100 5000000 2000000000 17441278 423360
0b000d01 0b000101 10000 100 5000000 2000000000 17445989 423360
0b000601 0b000101 10000 100 5000000 2000000000 17477254 423360
0b001101 0b000101 10000 100 5000000 2000000000 17496305 423360
0b000c01 0b000101 10000 100 5000000 2000000000 17506735 423360
0b001001 0b000101 10000 100 5000000 2000000000 17507837 423360
0b000301 0b000101 10000 100 5000000 2000000000 17518122 423360
0b000901 0b000101 10000 100 5000000 2000000000 17521138 423360
0b000801 0b000101 10000 100 5000000 2000000000 17529191 423360
0b002201 0b000101 10000 100 5000000 2000000000 17529590 423360
