0b001901 0b000101 10000 100 5000000 2000000000 3008660 108840
0b001401 0b000101 10000 100 5000000 2000000000 3289634 108840
0b001a01 0b000101 10000 100 5000000 2000000000 3431641 108840
0b001601 0b000101 10000 100 5000000 2000000000 3550455 108840
0b001201 0b000101 10000 100 5000000 2000000000 3634850 108840
0b001301 0b000101 10000 100 5000000 2000000000 3673223 108840
0b002201 0b000101 10000 100 5000000 2000000000 3686149 108840
0b001501 0b000101 10000 100 5000000 2000000000 3729064 108840
0b001701 0b000101 10000 100 5000000 2000000000 3885369 108840
0b001e01 0b000101 10000 100 5000000 2000000000 3900074 108840
0b001801 0b000101 10000 100 5000000 2000000000 3924299 108840
0b000401 0b000101 10000 100 5000000 2000000000 4044905 108840
0b002701 0b000101 10000 100 5000000 2000000000 4172403 108840
0b000801 0b000101 10000 100 5000000 2000000000 4191548 108840
0b001d01 0b000101 10000 100 5000000 2000000000 4246126 108840
0b001101 0b000101 10000 100 5000000 2000000000 4248698 108840
0b001c01 0b000101 10000 100 5000000 2000000000 4290674 108840
0b000501 0b000101 10000 100 5000000 2000000000 4291004 108840
0b002001 0b000101 10000 100 5000000 2000000000 4300102 108840
0b000601 0b000101 10000 100 5000000 2000000000 4303645 108840
0b000b01 0b000101 10000 100 5000000 2000000000 4305319 108840
0b000301 0b000101 10000 100 5000000 2000000000 4311842 108840
0b000c01 0b000101 10000 100 5000000 2000000000 4316160 108840
0b001b01 0b000101 10000 100 5000000 2000000000 4319422 108840
0b000a01 0b000101 10000 100 5000000 2000000000 4320106 108840
0b000e01 0b000101 10000 100 5000000 2000000000 4326240 108840
0b002101 0b000101 10000 100 5000000 2000000000 4330805 108840
0b000201 0b000101 10000 100 5000000 2000000000 4330961 108840
0b002601 0b000101 10000 100 5000000 2000000000 4338221 108840
0b000d01 0b000101 10000 100 5000000 2000000000 4338485 108840
0b002501 0b000101 10000 100 5000000 2000000000 4340270 108840
0b000f01 0b000101 10000 100 5000000 2000000000 4349027 108840
0b000701 0b000101 10000 100 5000000 2000000000 4351573 108840
0b001f01 0b000101 10000 100 5000000 2000000000 4351686 108840
0b001001 0b000101 10000 100 5000000 2000000000 4353119 108840
0b000901 0b000101 10000 100 5000000 2000000000 4358676 108840
0b002301 0b000101 10000 100 5000000 2000000000 4358812 108840
0b002401 0b000101 10000 100 5000000 2000000000 4360255 108840
