0b001101 0b000101 10000 100 5000000 2000000000 31878986 842720
0b001f01 0b000101 10000 100 5000000 2000000000 32561820 842720
0b000201 0b000101 10000 100 5000000 2000000000 33141384 842720
0b001a01 0b000101 10000 100 5000000 2000000000 33220702 842720
0b001601 0b000101 10000 100 5000000 2000000000 33770254 842720
0b000501 0b000101 10000 100 5000000 2000000000 33958742 842720
0b000c01 0b000101 10000 100 5000000 2000000000 33989130 842720
0b000e01 0b000101 10000 100 5000000 2000000000 34012345 842720
0b000f01 0b000101 10000 100 5000000 2000000000 34098594 842720
0b000801 0b000101 10000 100 5000000 2000000000 34203252 842720
0b001c01 0b000101 10000 100 5000000 2000000000 34289915 842720
0b000d01 0b000101 10000 100 5000000 2000000000 34388203 842720
0b001501 0b000101 10000 100 5000000 2000000000 34392213 842720
0b001d01 0b000101 10000 100 5000000 2000000000 34481927 842720
0b002501 0b000101 10000 100 5000000 2000000000 34601461 842720
0b001801 0b000101 10000 100 5000000 2000000000 34608592 842720
0b001e01 0b000101 10000 100 5000000 2000000000 34614186 842720
0b002601 0b000101 10000 100 5000000 2000000000 34678302 842720
0b000301 0b000101 10000 100 5000000 2000000000 34739214 842720
0b001401 0b000101 10000 100 5000000 2000000000 34772590 842720
0b001301 0b000101 10000 100 5000000 2000000000 34791591 842720
0b001b01 0b000101 10000 100 5000000 2000000000 34798823 842720
0b000401 0b000101 10000 100 5000000 2000000000 34806037 842720
0b002001 0b000101 10000 100 5000000 2000000000 34807429 842720
0b000701 0b000101 10000 100 5000000 2000000000 34837529 842720
0b002201 0b000101 10000 100 5000000 2000000000 34870745 842720
0b000601 0b000101 10000 100 5000000 2000000000 34871093 842720
0b001201 0b000101 10000 100 5000000 2000000000 34925285 842720
0b002701 0b000101 10000 100 5000000 2000000000 34945198 842720
0b002101 0b000101 10000 100 5000000 2000000000 34959772 842720
0b001001 0b000101 10000 100 5000000 2000000000 34965446 842720
0b001901 0b000101 10000 100 5000000 2000000000 34974117 842720
0b002401 0b000101 10000 100 5000000 2000000000 34977431 842720
0b000901 0b000101 10000 100 5000000 2000000000 34995716 842720
0b001701 0b000101 10000 100 5000000 2000000000 34997830 842720
0b000a01 0b000101 10000 100 5000000 2000000000 35006945 842720
0b000b01 0b000101 10000 100 5000000 2000000000 35031515 842720
0b002301 0b000101 10000 100 5000000 2000000000 35034143 842720
