0b001001 0b000101 10000 100 5000000 2000000000 5321541 423360
0b000801 0b000101 10000 100 5000000 2000000000 8193555 423360
0b000b01 0b000101 10000 100 5000000 2000000000 8418799 423360
0b001401 0b000101 10000 100 5000000 2000000000 8421719 423360
0b001201 0b000101 10000 100 5000000 2000000000 8481711 423360
0b000d01 0b000101 10000 100 5000000 2000000000 8495267 423360
0b000601 0b000101 10000 100 5000000 2000000000 8816265 423360
0b001101 0b000101 10000 100 5000000 2000000000 9178198 423360
0b000701 0b000101 10000 100 5000000 2000000000 9227830 423360
0b000901 0b000101 10000 100 5000000 2000000000 9240235 423360
0b000501 0b000101 10000 100 5000000 2000000000 9281006 423360
0b000a01 0b000101 10000 100 5000000 2000000000 9292366 423360
0b000c01 0b000101 10000 100 5000000 2000000000 9340624 423360
0b001501 0b000101 10000 100 5000000 2000000000 9353419 423360
0b000f01 0b000101 10000 100 5000000 2000000000 9368418 423360
0b001301 0b000101 10000 100 5000000 2000000000 9402231 423360
0b000e01 0b000101 10000 100 5000000 2000000000 9435700 423360
0b000401 0b000101 10000 100 150000000 2000000000 51394160 12580160
0b000301 0b000101 10000 100 200000000 2000000000 52692251 16772160
0b000201 0b000101 10000 100 200000000 2000000000 58280175 16772160
