0b000201 0b000101 10000 100 8 2000000000 4058 4328
0b000301 0b000201 10000 100 16 2000000000 4060 4330
0b000401 0b000301 10000 100 64 2000000000 4076 4337
0b000501 0b000401 10000 100 256 2000000000 4138 4368
0b000601 0b000501 10000 100 1024 2000000000 4394 4499
0b000701 0b000601 10000 100 4096 2000000000 5103 5013
0b000801 0b000701 10000 100 16384 2000000000 7284 7072
0b000901 0b000801 10000 100 65535 2000000000 16416 15312
0b000a01 0b000901 10000 100 262144 2000000000 53981 48282
0b000b01 0b000a01 10000 100 1048576 2000000000 203265 180148
0b000c01 0b000b01 10000 100 5000000 2000000000 951654 842720
0b000e01 0b000d01 10000 100 5000000 2000000000 994106 842720
0b001401 0b001301 10000 100 5000000 2000000000 994351 842720
0b001501 0b001401 10000 100 5000000 2000000000 994365 842720
0b001301 0b001201 10000 100 5000000 2000000000 994373 842720
0b001101 0b001001 10000 100 5000000 2000000000 994428 842720
0b001001 0b000f01 10000 100 5000000 2000000000 994455 842720
0b000f01 0b000e01 10000 100 5000000 2000000000 994475 842720
0b001201 0b001101 10000 100 5000000 2000000000 994537 842720
0b000d01 0b000c01 10000 100 5000000 2000000000 995987 842720
