0b000201 0b000101 10000 100 8 2000000000 120054 120324
0b000301 0b000201 10000 100 16 2000000000 120056 120326
0b000401 0b000301 10000 100 64 2000000000 120072 120333
0b000501 0b000401 10000 100 256 2000000000 120134 120364
0b000601 0b000501 10000 100 1024 2000000000 120390 120495
0b000701 0b000601 10000 100 4096 2000000000 120923 121009
0b000801 0b000701 10000 100 16384 2000000000 123057 123068
0b000901 0b000801 10000 100 65535 2000000000 131607 131308
0b000a01 0b000901 10000 100 262144 2000000000 166074 164278
0b000b01 0b000a01 10000 100 1048576 2000000000 314988 296144
0b000d01 0b000c01 10000 100 5000000 2000000000 998965 842720
0b001401 0b001301 10000 100 5000000 2000000000 999980 842720
0b000e01 0b000d01 10000 100 5000000 2000000000 1000570 842720
0b000f01 0b000e01 10000 100 5000000 2000000000 1000577 842720
0b001001 0b000f01 10000 100 5000000 2000000000 1000606 842720
0b001101 0b001001 10000 100 5000000 2000000000 1000615 842720
0b001201 0b001101 10000 100 5000000 2000000000 1000698 842720
0b001301 0b001201 10000 100 5000000 2000000000 1001088 842720
0b000c01 0b000b01 10000 100 5000000 2000000000 1012222 900718
0b001501 0b001401 10000 100 5000000 2000000000 1024126 842720
