0b000501 0b000101 10000 100 5000000 2000000000 9096447 819360
0b000601 0b000101 10000 100 5000000 2000000000 9096882 819360
0b000801 0b000101 10000 100 5000000 2000000000 9096969 819360
0b000701 0b000101 10000 100 5000000 2000000000 9097230 819360
0b000901 0b000101 10000 100 5000000 2000000000 9097317 819360
0b000a01 0b000101 10000 100 5000000 2000000000 9097665 819360
0b000c01 0b000101 10000 100 5000000 2000000000 9098796 819360
0b000b01 0b000101 10000 100 5000000 2000000000 9099144 819360
0b000d01 0b000101 10000 100 5000000 2000000000 9099231 819360
0b000f01 0b000101 10000 100 5000000 2000000000 9099318 819360
0b000e01 0b000101 10000 100 5000000 2000000000 9099579 819360
0b001001 0b000101 10000 100 5000000 2000000000 9099666 819360
0b001201 0b000101 10000 100 5000000 2000000000 9099753 819360
0b001101 0b000101 10000 100 5000000 2000000000 9099927 819360
0b001301 0b000101 10000 100 5000000 2000000000 9100014 819360
0b001501 0b000101 10000 100 5000000 2000000000 9100101 819360
0b001401 0b000101 10000 100 5000000 2000000000 9100188 819360
0b000401 0b000101 10000 100 150000000 2000000000 51944885 12976160
0b000201 0b000101 10000 100 200000000 2000000000 55715843 17168160
0b000301 0b000101 10000 100 200000000 2000000000 59036028 17168160
