0b001501 0b001401 10000 100 5000000 2000000000 853889 819360
0b000601 0b000501 10000 100 5000000 2000000000 855280 819360
0b000701 0b000601 10000 100 5000000 2000000000 855280 819360
0b000801 0b000701 10000 100 5000000 2000000000 855280 819360
0b000901 0b000801 10000 100 5000000 2000000000 855280 819360
0b000a01 0b000901 10000 100 5000000 2000000000 855280 819360
0b000b01 0b000a01 10000 100 5000000 2000000000 855280 819360
0b000c01 0b000b01 10000 100 5000000 2000000000 855280 819360
0b000d01 0b000c01 10000 100 5000000 2000000000 855280 819360
0b000e01 0b000d01 10000 100 5000000 2000000000 855280 819360
0b000f01 0b000e01 10000 100 5000000 2000000000 855280 819360
0b001001 0b000f01 10000 100 5000000 2000000000 855280 819360
0b001101 0b001001 10000 100 5000000 2000000000 855280 819360
0b001201 0b001101 10000 100 5000000 2000000000 855280 819360
0b001301 0b001201 10000 100 5000000 2000000000 855280 819360
0b000501 0b000401 10000 100 5000000 2000000000 855292 819360
0b001401 0b001301 10000 100 5000000 2000000000 855294 819360
0b000401 0b000301 10000 100 150000000 2000000000 15210362 12976160
0b000201 0b000101 10000 100 200000000 2000000000 19104962 17168160
0b000301 0b000201 10000 100 200000000 2000000000 20230938 17168160
