0b001001 0b000f01 10000 100 5000000 2000000000 499131 423360
0b000e01 0b000d01 10000 100 5000000 2000000000 499175 423360
0b000b01 0b000a01 10000 100 5000000 2000000000 499185 423360
0b000a01 0b000901 10000 100 5000000 2000000000 499188 423360
0b000f01 0b000e01 10000 100 5000000 2000000000 499202 423360
0b000601 0b000501 10000 100 5000000 2000000000 499203 423360
0b001301 0b001201 10000 100 5000000 2000000000 499205 423360
0b000801 0b000701 10000 100 5000000 2000000000 499210 423360
0b000901 0b000801 10000 100 5000000 2000000000 499220 423360
0b001201 0b001101 10000 100 5000000 2000000000 499226 423360
0b000c01 0b000b01 10000 100 5000000 2000000000 499227 423360
0b001101 0b001001 10000 100 5000000 2000000000 499227 423360
0b000d01 0b000c01 10000 100 5000000 2000000000 499230 423360
0b000701 0b000601 10000 100 5000000 2000000000 499236 423360
0b001401 0b001301 10000 100 5000000 2000000000 499265 423360
0b000501 0b000401 10000 100 5000000 2000000000 499305 423360
0b001501 0b001401 10000 100 5000000 2000000000 499559 423360
0b000401 0b000301 10000 100 150000000 2000000000 14870084 12580160
0b000201 0b000101 10000 100 200000000 2000000000 18719266 16772160
0b000301 0b000201 10000 100 200000000 2000000000 19829605 16772160
